  32

   14   30    1    2   20   32   21    8   16    6   17    4   29   13   27   22   19    3   11   18   31   28   12   26   23   10    5   25   15    7   24    9
    8   32    5   26   21    2   13   30   25    7   18   20   11   14    1   24   15   12    9   31   19   28   29    6   16    3    4   17   10   22   27   23
   29   12    1    8   13   18   28   27   30   21   16   32   25    7   24   19   23    4   26    2   15   31   20    3    9    5   14   17   10    6   22   11
   19    8   31    5   15   11   25    6   23   20    3   17   26   10   29   18    4   21   30   16    2   22    7   12    1   13   32    9   28   27   24   14
    9   32   31    3   22   15   24   10    6   14   30   21   28   13   18    2    4   25   20   26    1   27   11   23   19    8   17   12    5   16    7   29
   21   17   15   26   13    8   11    9   31   32   27    5   22   24   12   23   30    2   29    6   19   14   16   28   10    3    4   18    7   20    1   25
    4    2   15   25   14   32   18    6   17    1   10   19   20   30   16    8   26   31   13   27    7   28   23   11    9    3   24   21   29   12   22    5
   16   12   27   24    7   28    3   20   19   18   31   14   10   22   13   17   26   32   29   25    6   30    5   15   21   23    9    8    1    2   11    4
    5   25    7   16   32   18   31    8    4   17   11   10   24   12    9   14   29   22    1   20   19    6   13   15   26   30   28   23    3   21    2   27
   24   19    5   28   32   18   21   10   23    4   27   13   14   25   20   16    9   26   12   11   30    3   15   17   31    6   22    1   29    8    2    7
   15    4    7   23   22    3   18   16    8   11   29   10   19   28   20   25   31   24   12    1    9    5   27   21    6    2   17   30   14   26   13   32
   31   26   20    3    9   25   29   27   21   15   14    4   13   10   16    5   11   17    8    7   23   19   30   22   24   28    6    2    1   18   32   12
   25   29   14    4   31   21   10   26    8   24   11    3   20   28    2   18    1   32    6   15   27    7   16   23   19   30   22   17   12    9   13    5
   29   18    4   22    9   20    7    6   31   10   15   27   17    3   26   32   30    5   19   14    8   24   12    2   25    1   16   23   11   13   21   28
   17    2   23   28   10   22   30   20    6   31   19   13    7   27   15   26    4   12   18   25    5   16    9   14   32    1   11    3   21    8   29   24
    4   21   27   25   28   30    7    1   16   24   11    2   14   26   23   19    8   13   32   17   20   12   10    5   22    6    3   15   18   31    9   29
   25    5   11   32   18   30    7    1   31    8   20   21   14    6   27   23    4   12    2   15   24   22   26    3    9   16   28   10   19   29   17   13
    6   26   17   24    2    4   15   25   16   11   10    1    9   14   18   30   31   32   12    5   22    3   27    8   20   13   23   19   21   29   28    7
   25   29   19    2   32   31   13   24    4   21    5   28    8   15   27   30   23    7   14   10    6   16   17   18   12    9   20    1   11    3   22   26
    8   12   32   27   19   21   10   11    9   16    7   17   22   14    3   24    1    6   20   29   31   23   13    5   25    2    4   18   15   30   26   28
    9    5   24    4    6   12   20   17   22   27   29   30   14   31   25   26   16   32   23   21   19    7   18    3    1   11   28   10    8   13    2   15
   24   30   29    1   16   10   17   11   19   23   27   20    5   32    8   26   15    7   31    9   14   22   12   13   21    4    2   18   28    3   25    6
    1    3    5   26   13   23   14   29   32   27    7    6    8   20   16   10   12   17   31   15   24    2   30    9   25   28    4   19   11   22   18   21
    7   23   29   15   12   26    3   13    2   28   25   18   10   16   31   22   17   21   11   19    9   30   27    5   24    4    8    1   32    6   14   20
   30   16    1   18    2   32   24   11    7    5   13   23   10    6   14   27   29   28    8   22    4   15   31   12    9   17   20   21   25   19   26    3
   22    8   13   26   18    1    3   16   32   19   12   14   15    2    5   27   20    4   31   28    7   23   21   11   24    9   25   17    6   30   29   10
   11   32    1   27   14   15   17    9   26   12   22    5   23   28   10   25    8   18   19    4   31   24   16   30    3   13   21   29    6    2   20    7
   30   31   17   18    5   29   24   21    6    3   23    8    2   16   15    7   27   12   28    1   10   20    9   22   26   19    4   32   25   13   14   11
   31   15    5   28   13    4    9    7   30   27    3   11   26   22   24   20    8   19   29   18   25   16    6   12   14   21   17   32   23   10    2    1
   26   18   15    5   25   28   32   11    1   30   14   21    8   16   10    2   20   23   17   19   24    7   27    4    6   29    3   31   13   22    9   12
   32   31   26   15   29   23   22    6   28    1   16    5   11   18   13   17   10    3   24   14    7   20    8   12   30   25    2    4    9   27   21   19
   22   23   27   14   12   13    4   18   24   17   31    5    7   28   19    8    2   29    6   16    3   25   21    1   15   11   10   20   32    9   26   30

   28   17    5   14   32    9   11   27    2   26   19   18   21   13   24    1   10   15    6   22   25    4   31   30    7   12    8   29   16   20    3   23
   22   32   30   10    4    9    6   23   13   15   11   29    7   31   19   25   26   12   20   27   14    1   18   16   21    3   17    5   24    8    2   28
   11    5   18   25    9   29   16    8    1   23    2   17   19    3   14   24   20   12    7   31   21   27   28    4    6   15   30   32   13   22   10   26
   20   11   15    6   12   30    8   17   28   19   25   23    5    2   32   27   18   14   29   26    3   24   10   31   13   21    4    9    1    7   22   16
   25   30   13   31    2   29   27   24    4    3   16   32   18   21   11    6   19    1   26   20   10   28   12    5   17    7    8   15   22   23    9   14
   11    3    9   21   32    6   16   10   29   18   24   30   15   19   12   31    2   14   22   13   26   17   25    4    5   28    1   27    7   23    8   20
    7   11   14    2   16   30   19   17   22    8    5    1   27   32   24    4   23   28   10   21   31    6    3   26   18   20   15   12   25    9   29   13
   19   16   22   18   13    3    5   28   23    8   11   32   20   12   15   27    7   24   14   26    1   17   10    9   25   31    4   29   30    6    2   21
    9   12    6    5   17   21   27   10   11    1   31   23   15   30   26   24    8   25    2    3   20    7   16   32   13   29   19   14    4   18   22   28
   20   25   13    8   32   19   28   23   30    5    3   15    2   26   31   11   18    1   12   14   21    7   22   27   10   16    9    6   24   17    4   29
   24   30   32   26   11    2    4   10   13   18   19   14   15    9   22   28   23   31   17    5   27    7   20   25   12   16    3    1   21    8   29    6
    5   12   21   23   20   31    7   27   11   26    9    2   15    8   25   28   19   30    3   32    6   17   22   18   14   24   29   16   10   13    4    1
   32   18   19   29   24    4   25   23    6    9   21   26    1   15    5   17   30   27   22    3   14   12   16   31   28   11    7    8    2   10   20   13
   28   17   10    2    5    6    9   11   29    1   19   25   27    7   32   23   20    3   14   18   24   13    8   15   30    4   26   16   31   21   12   22
   15    1   18   10   26   11   17    2   28    6   12   27   24   29   25    5   14    9    3   23    8    7   13   19   21   20   16   22    4   30   32   31
    2   19   25   16   20   26   30    3   22    5   24   10    7   18   14    6   15   21    9   11   28   17   12    8   13    4   31   32   23   29    1   27
   16   28   20   10    6   17    9   18    4    3   27   15   31    7   14   11   21   19   26   13    5    8   29   30    1    2   32   23   24   22   25   12
   26   18   14    8   16    3    7    9    5    2   27   29    6   31    1   20   28   21   19   32   15   24   22   17   10   13   25   11   23   12    4   30
   25   24   11   29    1   20   13   27    5   30   26   10   22    2   31   16   15   12    7    3    4   23   17   18   32   28    6   14   19    8   21    9
    3    9   12    6   27    1   14   26   31   18   22   16   28   17    8   23    5    7   10   32   24   25   30    2   29   21   11   15    4   19   20   13
    2   29   24   15   10   12    7    9   13   23   30   14   32   25    5   22    8    1   20   26   17   19   11    4   18   28    3   16   27    6   31   21
    6   22   20   28   14    5   27    3    2   30   13   31   15    4   12    8   10   23   17   29   24   26   21   19    9   32   18   11    7   25    1   16
   21   17   26   22   31    9    4   10    8   15   24    2   28   23   16    6   29   25   32   19    5   11   20    3    1   14   13   12   18    7   30   27
    9   11   10   30   12    4    5   28   27   24   22   15   19   13   21   14    1    3   31    6   29    8   18    7    2   17   16   23   26   20   25   32
   23   27   21   29   26   17   15   14   13   20    7    4   24   30   22   18   25   32    2   10    6   28    5    8    3    1   12   31    9   11   19   16
   15    1   25   18    9   27    6   10   30   13   32   22   23   12    3   24    2    5   21   11    4   19    7   20    8   31   29   28   16   26   17   14
   18    3   31   23   24   16   25   32   17   22   13    5   12   11   15   19   21   14    8   20    4    9    6   27    7   28   10    1   26   30   29    2
   20    8    4   28   18   19   13   22   24    1   14   16   17   23   12    3   30   11   26    6   29   10    5   32   15   27   25    2    7    9   31   21
   28   14   16   20   10    1    9   23   27   25   11   29    7   15   24   12    5   19    8   32   26   13   31   17   21   22   18   30    2    6    3    4
   32   11   19    2   12   24   20    1   14   29    7    8   15    3   13   26   25   22    6   17   31    4   21   16   30    9   23   18   28   27    5   10
    5    3   30    8   22   27   32   11    2   12    9   18   15    7   13   31   14    4   17   16   19   10   26   29    1    6   25   20   24   23   28   21
    7    3   20   12   18   23   19    2   29    1   17   32    8   31   13   16   10   21   27   28    4    9   14   22   25   11    6   26   30   24   15    5
