10

   45   28   70    9   32   20   45   20   10   20


310

72.96    7    5    6   10    3   -1   -1   -1   -1   -1
60.55    8    4    3    2    7    6    9   10    1    5
40.99    2   10    9    4    6    3    8    5    7    1
58.30    6    5   -1   -1   -1   -1   -1   -1   -1   -1
66.91    4   10    7    8    3    2    1    5    6    9
59.01   10    6    3    1    8    2    4    5   -1   -1
44.33    8    9    3   10    4    2    7    6    5    1
68.81    7    1    5    2    8    3    9   -1   -1   -1
56.01    3    9    8    2    5    4    1   10    6   -1
43.58    8    3    2    7    1   -1   -1   -1   -1   -1
36.13    9    1    4    2    5    3    8   10    6   -1
50.49    2    7    1   -1   -1   -1   -1   -1   -1   -1
64.86    8    3    5   10    7    2    6    9    1    4
44.31    6    3   -1   -1   -1   -1   -1   -1   -1   -1
56.59    4    9    1    3    6    2    8   -1   -1   -1
45.09    9    3    1   10    6    8    5    4    7    2
91.51    7   10    4    5    9    1   -1   -1   -1   -1
86.90    3   10    4    1    6   -1   -1   -1   -1   -1
70.82    7    8   -1   -1   -1   -1   -1   -1   -1   -1
57.83    6    1   10    7    4    8    5    3    2   -1
69.36    1    2    9    7    3   10   -1   -1   -1   -1
35.86    8    4   10    9    5   -1   -1   -1   -1   -1
49.10    2    1   10    6    5    7    9    3   -1   -1
62.80    6    2   -1   -1   -1   -1   -1   -1   -1   -1
49.06    3    2    9   10    4    6    8    1    7    5
53.92    4   10    9    2    8    5   -1   -1   -1   -1
62.87    7    5    3    4    1    6    2    9    8   -1
32.96    6    1    5    2    4    3   10    9   -1   -1
98.90    4    5    6    9   -1   -1   -1   -1   -1   -1
55.71    3    8    9    5   10    7    2    4    1   -1
34.61    5    3    1    9    8    2    4    6    7   10
68.32    8    7    1    3   -1   -1   -1   -1   -1   -1
58.54    9    8    4    5   -1   -1   -1   -1   -1   -1
62.59    8    7    4    6    1    5   10    3    2    9
75.93    9    6    2    3    8   -1   -1   -1   -1   -1
54.34    6    2    9   -1   -1   -1   -1   -1   -1   -1
66.99    5    7    2    3    4    1   10    6    8   -1
67.00    7    5    9   -1   -1   -1   -1   -1   -1   -1
29.21    1    6   10    2    7   -1   -1   -1   -1   -1
57.00    8    6    1    2   -1   -1   -1   -1   -1   -1
63.75    1    9    5    3   -1   -1   -1   -1   -1   -1
65.44   10    1    3    6   -1   -1   -1   -1   -1   -1
81.84    9    4   10    3    5    8    2    6    1    7
57.70    2    3    1    6    8   10    5    7    4    9
35.00    1    6    9    8    5   -1   -1   -1   -1   -1
75.53    2    1    6    8    4    3    9   10    7    5
83.82   10    9    4    8    7    3    5    6    2    1
23.77    5    8    4    3    9    7    6    2   -1   -1
83.08    1    7    6   -1   -1   -1   -1   -1   -1   -1
57.61    7    8    4    1    2    3    6    9   -1   -1
79.98   10    1    8    2    9   -1   -1   -1   -1   -1
83.66    8    4    9    3   10    6    7    1   -1   -1
43.21    9   10    2    1    5    7    4    6    8    3
79.13    5    3    2    4    7    8   -1   -1   -1   -1
73.14    2    1    8   -1   -1   -1   -1   -1   -1   -1
72.03    9    6   10    1    3    7    8    4    5    2
72.35    8    9    6    3   10    7    4    1   -1   -1
59.19    9    5    3    2    8    1    7   10    6    4
66.11    4    7   -1   -1   -1   -1   -1   -1   -1   -1
47.33    7    1    9    2    3   10    5    8    6    4
62.36    7    5    1    8    2    3   10    9    4    6
34.99    2    9    1   10    6    7    5    4    3    8
74.61    2    3   10    6    4    5    1    9    8    7
54.79    3    8    4    6   -1   -1   -1   -1   -1   -1
67.69    8    7    3    1   10    4    2    6    9    5
50.94    8    7    1   10    4    6    3   -1   -1   -1
67.46    7    9   10    3    2    1    5    4    6    8
47.22    5    2    8   10    4    3    9   -1   -1   -1
78.74   10    3    2    9    4    5    6   -1   -1   -1
61.55    4    3    5    9    7   -1   -1   -1   -1   -1
49.59    7    6    4    3   -1   -1   -1   -1   -1   -1
40.21    8   10   -1   -1   -1   -1   -1   -1   -1   -1
38.20    2   10    3   -1   -1   -1   -1   -1   -1   -1
61.85    4    7   10    5    2    6    3    8    9   -1
52.00    9   10    4    7    8    3    5   -1   -1   -1
57.15    1    6    8    7    4    5    2    3    9   10
62.66    2    4    7    3   10   -1   -1   -1   -1   -1
76.56    6    7    5    1    9    3   10    2    4    8
62.45    3    5    2    9    7    6   10    1   -1   -1
66.28    5    3   10    1    4    7   -1   -1   -1   -1
74.29    7    4    5   10    9    6    8   -1   -1   -1
34.25    5   10    2    1    9    4    6   -1   -1   -1
69.35    5    7    8    9   -1   -1   -1   -1   -1   -1
67.31    7    4   -1   -1   -1   -1   -1   -1   -1   -1
60.29    7    3   10    9    8    1    5    6    4   -1
56.21    8    4    7    6   -1   -1   -1   -1   -1   -1
68.69   10    7    8    6    4    2    9    5   -1   -1
32.80    5    9    2    6    3    7   -1   -1   -1   -1
54.62    6    2    7    9    1    8    5   10    3    4
52.52    3    4   10    8    1    2    6    7    9    5
54.75    4    3    1    9    6    8   -1   -1   -1   -1
65.06    4    1    6   10    3    9    7    2    5    8
58.58    3    1    9    4   10    8    5    2    6   -1
30.97    5   10   -1   -1   -1   -1   -1   -1   -1   -1
72.22    9    3   10    2    5    8    1    4    6    7
81.15    8    2    9    7   -1   -1   -1   -1   -1   -1
58.56    8    4    1    7    2   -1   -1   -1   -1   -1
61.48    5    1    9   -1   -1   -1   -1   -1   -1   -1
54.88    7    4    1   -1   -1   -1   -1   -1   -1   -1
45.41    9    1   10    5    4    7    3    2    8   -1
27.70    1    8    4   10    5    6    9   -1   -1   -1
60.86    3    2    5    4   -1   -1   -1   -1   -1   -1
59.10    1    3   -1   -1   -1   -1   -1   -1   -1   -1
32.65    1    9    7    8    3    4   -1   -1   -1   -1
58.50    4    2   -1   -1   -1   -1   -1   -1   -1   -1
54.43    6   10    4    2    3    7    5    8    9    1
48.54    8    5    3    1   10    4    9    7   -1   -1
51.62    6    1    4    3   10    9    2    8    7    5
86.00    1   10    6    8   -1   -1   -1   -1   -1   -1
58.52    5    7    3    6   10    2    9    8    1    4
81.81    6    3    9    8   -1   -1   -1   -1   -1   -1
66.25    6    4   10    3    5    9    2   -1   -1   -1
41.36    1    7   10    9    2    3    5   -1   -1   -1
92.97    6    2   -1   -1   -1   -1   -1   -1   -1   -1
54.25   10    8    2    9    4    5    6    7    1    3
41.78    4    5   -1   -1   -1   -1   -1   -1   -1   -1
53.46    5    2    1    4    9   -1   -1   -1   -1   -1
61.20    2    6    3    5    9    1   10    4    8    7
56.30   10    9    3    6    2    5   -1   -1   -1   -1
90.03    7    1    8    6    9    3   10    4   -1   -1
80.82    3    6    1   10    7    4   -1   -1   -1   -1
59.39    9    2    3    1    7   -1   -1   -1   -1   -1
46.46    2    7    5    1    6    4    8   10   -1   -1
48.28    3    9    1    6    8    2    5    4    7   -1
41.51   10    8    1    7    4    5    6   -1   -1   -1
60.53    1    3   10    7    9    2   -1   -1   -1   -1
45.03    1    7    6    9    2    4    5   10    3   -1
80.80    4   10    9    3    5    7    2    8    6   -1
73.23    7   10    5    3    4    9    8    1    6    2
66.98    4   10    7    1    3    2    9    6   -1   -1
79.70    8   10   -1   -1   -1   -1   -1   -1   -1   -1
60.15    9    5    3    4    8   10   -1   -1   -1   -1
47.12    9    6   -1   -1   -1   -1   -1   -1   -1   -1
63.47    9    3   10   -1   -1   -1   -1   -1   -1   -1
73.43    4    6    8   10    3    5    1    2   -1   -1
54.75    3    1    2    4    6    8    5    9   -1   -1
55.74    3    1    7   -1   -1   -1   -1   -1   -1   -1
53.19    5    3    9    4    1    2    7   10    8   -1
65.28    6    2    5    9    7    8    4   10    3    1
40.72    2    5   -1   -1   -1   -1   -1   -1   -1   -1
55.47    5    7    9   -1   -1   -1   -1   -1   -1   -1
37.94    9    6    8    4   -1   -1   -1   -1   -1   -1
27.20    7    1   10    2    5    8    3    9    6    4
68.72    5    8    9    2    6    4   10    7    3    1
65.73   10    5    1    4    3   -1   -1   -1   -1   -1
45.71    2   10    4    3    1    9    5    6   -1   -1
65.46   10    6    4    1    9   -1   -1   -1   -1   -1
76.39    7    5   -1   -1   -1   -1   -1   -1   -1   -1
57.22    1    9    3    6    5   -1   -1   -1   -1   -1
96.70    7    3    2    6    1   -1   -1   -1   -1   -1
16.96    6    4    9    3    8    1    2   10    5    7
74.03    1    8    9    4   10    5    2   -1   -1   -1
74.00    5    9    3    2    6    1    7   -1   -1   -1
36.76   10    2    4    7    6    5   -1   -1   -1   -1
49.21    7    5    6    8   10    2   -1   -1   -1   -1
59.88    7   10    5    9    1   -1   -1   -1   -1   -1
52.71    1    3    7   10    2    8   -1   -1   -1   -1
42.64   10    3    5    6    8    9    4    7    1    2
42.23    9    6    8    5    2    1    3   10    4    7
60.19    7    9    2    4   -1   -1   -1   -1   -1   -1
67.83    5   10    3    1    4    7    9   -1   -1   -1
56.63    4    7    3   10    8    9    5    6    1   -1
68.36    7    1    3    9    5   -1   -1   -1   -1   -1
61.12   10    6    2    4    8    9    5    1   -1   -1
67.14    6    4   10    3    2    5    1    9    8    7
44.25   10    1    3    2    5    9    6    7   -1   -1
66.07   10    5    3    4    8    9    2    7   -1   -1
53.24    2    1    3    7    8    5    6   10   -1   -1
71.25    8    4    7   -1   -1   -1   -1   -1   -1   -1
70.59    4    8    6   10    9    5    7    3    1   -1
76.65    9    1    6   10    4    5    7    8    3   -1
58.91   10    1    5    7    6    2    9    4    8    3
55.35    9    8   10    4    1    2    3    7   -1   -1
59.11    7    4    3   -1   -1   -1   -1   -1   -1   -1
66.21    8   10    4    1    5    3    6   -1   -1   -1
49.86    9    5    1    2    8    3    7    6    4   10
63.08    6    9    5    8   -1   -1   -1   -1   -1   -1
77.17    9    4    5    7    3    2    8   -1   -1   -1
58.88    4    8    3    2    9    6    5   -1   -1   -1
75.96   10    6    5    2    9    8    3    1    4   -1
67.47    9   10    1    3    6    2    4    7   -1   -1
48.90    9    6   -1   -1   -1   -1   -1   -1   -1   -1
56.14    9    8    3    4    6    5   -1   -1   -1   -1
47.97    7    5    8    4   -1   -1   -1   -1   -1   -1
54.29    1    8    9    4    5    6   -1   -1   -1   -1
53.86    7    5    3    1    9    2    6    8    4   10
63.92    1    3    5    4   10    9   -1   -1   -1   -1
65.49    5    9    3    4   10    2    6    1    8    7
52.44    9   10    7    4    6   -1   -1   -1   -1   -1
45.57    7    4   10   -1   -1   -1   -1   -1   -1   -1
71.20    6    3    7    8    9    5    2    1   -1   -1
76.06    9    4    1   10    8    7    6   -1   -1   -1
40.70    5    9    6    8    3    7    1   10    4    2
93.35    2    9    1    5    7    3   10    8    4   -1
44.72    5    8    2    4   10    9   -1   -1   -1   -1
61.75    1    5    7    2   10    8    9    3   -1   -1
80.19    3   10    5    7    6    1    2   -1   -1   -1
65.56    5    9    7    4    6    8    1    3    2   -1
36.24    8    5    3    7    4    9    6   10    2   -1
59.88    5    6    9   -1   -1   -1   -1   -1   -1   -1
62.26    9    2    6    8   10    7    4    1    3    5
40.84    5   10    9    4    3    8    1    7    6    2
69.57   10    7    9    3    1   -1   -1   -1   -1   -1
63.71    7   10    8    1    9    2    6    5    4   -1
67.58    1    3    4    9   -1   -1   -1   -1   -1   -1
47.91    6    2    4    7    3    8    1   10   -1   -1
54.10    5    8    2    4    7    3    6   -1   -1   -1
66.39    5    9    6    8    1   -1   -1   -1   -1   -1
50.69    1    6    3   10    7    4    9    2    8    5
59.92    1    8   10    7    5    3    2   -1   -1   -1
62.67    2    6   -1   -1   -1   -1   -1   -1   -1   -1
53.27    9    2    8   10    6   -1   -1   -1   -1   -1
39.66    9    8   10    6    3    4    7   -1   -1   -1
69.09   10    3    9    2    1    8   -1   -1   -1   -1
47.80    7    9    5   10    6    8    3    4    1    2
79.94    5    8    7    9    3   -1   -1   -1   -1   -1
60.09    3    4   -1   -1   -1   -1   -1   -1   -1   -1
74.32    4    9   -1   -1   -1   -1   -1   -1   -1   -1
51.22    7    5    8    4    2    3   10    9    6   -1
68.81    7    3    2    9    1    8   10    5    4    6
72.03    1    4    3    7    9    5    6   10    2    8
71.05    2    5    1    7   10    9    4    8   -1   -1
79.18    5   10    7    1    2    3    6    8    4    9
65.64    4    1    7    5    6    8    9    2    3   -1
30.95    1    8    3    6    9    2    7    5    4   10
99.38    3    2    6    9   10    7   -1   -1   -1   -1
77.32    7    4    3    5   10    9    8   -1   -1   -1
51.22    5    1    2   -1   -1   -1   -1   -1   -1   -1
88.71    8    9   10    7   -1   -1   -1   -1   -1   -1
40.64    2    6    8    5   -1   -1   -1   -1   -1   -1
66.12    6    8    9    7    4    1    2   10    3    5
68.38    9    8   10    6    4    1   -1   -1   -1   -1
62.76    4    8   -1   -1   -1   -1   -1   -1   -1   -1
14.72   10    6    8    5    4    1    7    3   -1   -1
75.93    9    3    6   10    8    2   -1   -1   -1   -1
44.91    3    1    5   10    6    2    7    8   -1   -1
52.61   10    1    9    4    8    5    6    2   -1   -1
61.93    6    7    5    4    2   10    3    1    9    8
51.88    6    1   10   -1   -1   -1   -1   -1   -1   -1
56.84    6    3    5    1    2    9    8   10    7   -1
53.52    9    6    1    7    2   -1   -1   -1   -1   -1
65.40    1   10    7    3   -1   -1   -1   -1   -1   -1
47.65    5    9    4   -1   -1   -1   -1   -1   -1   -1
81.01    2    9   -1   -1   -1   -1   -1   -1   -1   -1
78.44    7    1   10    4    8    5    6   -1   -1   -1
45.78    2   10    6   -1   -1   -1   -1   -1   -1   -1
44.42    3   10    7    1    8    6    2    5    4   -1
88.68    8   10    6   -1   -1   -1   -1   -1   -1   -1
81.37    3    5    9    6    4   10    7    8    1   -1
59.41    9    7    2    6   -1   -1   -1   -1   -1   -1
66.00    4    1    9    6    2    7   10    5    3    8
78.90    8    5    4    7    1    2    9    6    3   -1
73.39    5   10   -1   -1   -1   -1   -1   -1   -1   -1
58.00   10    8    6    4    7   -1   -1   -1   -1   -1
56.57    8    5    2   -1   -1   -1   -1   -1   -1   -1
58.34   10    6    3    2    9    4    5   -1   -1   -1
89.97    7    4    2    6   -1   -1   -1   -1   -1   -1
77.74    1    3   10    9    5   -1   -1   -1   -1   -1
46.83    3   10    6    9    1    4    2    8    5    7
83.95    3    6   -1   -1   -1   -1   -1   -1   -1   -1
78.56    2    3    8    7    9    1    5   10    4    6
29.48    6    1    8    5    4    3   10    2   -1   -1
57.40    5   10    9    6    4   -1   -1   -1   -1   -1
57.33    1    8    4    3    7    2    9   10    5    6
68.03    1    5    6   10    8    2    7    3    9    4
56.12    1    2    3    7   -1   -1   -1   -1   -1   -1
72.57    4    8    6    3    5    2    1    9    7   10
48.43    8   10    3    4    6    5    2    7   -1   -1
55.37    3    8    5    4    6    1    9   -1   -1   -1
69.31    8    7    6    5   -1   -1   -1   -1   -1   -1
79.84    7    3    5    1    2    9    4   -1   -1   -1
58.28    5    6    9    8   -1   -1   -1   -1   -1   -1
73.17    2    9    6    4   10    3    8    7    1   -1
76.13    7   10    5   -1   -1   -1   -1   -1   -1   -1
61.25    4    8    5   10   -1   -1   -1   -1   -1   -1
55.04    7    5   -1   -1   -1   -1   -1   -1   -1   -1
75.58    2    1    8    9    7    6    4   -1   -1   -1
41.75    2    6    8    7    1    3   -1   -1   -1   -1
63.34    1    2    5    6    3    4    9   -1   -1   -1
80.11    5    6    9   10    7    1    4    3   -1   -1
79.25    3    6    7    8   -1   -1   -1   -1   -1   -1
56.58    7    6    8    4    2   -1   -1   -1   -1   -1
51.31   10    3    6    7    8   -1   -1   -1   -1   -1
54.24    4    5    2    3    9   -1   -1   -1   -1   -1
63.43    9    7   10    4    8   -1   -1   -1   -1   -1
84.67    2    3    6    9    1   -1   -1   -1   -1   -1
74.32    9    4    5   -1   -1   -1   -1   -1   -1   -1
55.82   10    1    7    8    9    4    2   -1   -1   -1
43.05    9   10    3    2   -1   -1   -1   -1   -1   -1
52.71   10    8    2    9   -1   -1   -1   -1   -1   -1
62.16    1    6    9   -1   -1   -1   -1   -1   -1   -1
60.32    8    2   -1   -1   -1   -1   -1   -1   -1   -1
64.26    7    2    1    3    4    9   10    8   -1   -1
55.49   10    5    8    9    7    6    2   -1   -1   -1
53.95    2    1    6    7    8    5    9    4   10    3
34.96    1    4   10    7    9   -1   -1   -1   -1   -1
43.52    2    9    3    8    4    7    5    6    1   10
44.55   10    5    8    2    3    4    6    1    7    9
43.91    7    8    3   10    5    4    1    2    9    6
81.50   10    4    6    9   -1   -1   -1   -1   -1   -1
23.83    8    3   10    1    9    7    2    4   -1   -1
75.48    6    2    7    9   10   -1   -1   -1   -1   -1
54.50    5    6    3   -1   -1   -1   -1   -1   -1   -1
85.05    3    7    5   10    1   -1   -1   -1   -1   -1
49.12    7    1    8    6    5    9    2   10    4    3
57.56    6    9    3    8    5    7    2   -1   -1   -1
50.86    5    9    7    1    8    3    2   10    4    6
60.20    6   10    1    9   -1   -1   -1   -1   -1   -1
53.83    9    2   10    8    1    7    6    3    5    4
37.78    3    4    5    7    6    1    8    2   -1   -1
