 10  5

 45   0.60   0.10   0.10   0.10   0.10  
 28   0.50   0.15   0.10   0.10   0.15  
 70   0.20   0.50   0.05   0.05   0.20  
  9   0.20   0.40   0.10   0.10   0.20  
 32   0.20   0.40   0.10   0.10   0.20  
 20   0.20   0.20   0.20   0.20   0.20  
 45   0.10   0.10   0.50   0.10   0.20  
 20   0.10   0.10   0.30   0.30   0.20  
 10   0.20   0.15   0.15   0.30   0.20  
 20   0.15   0.15   0.20   0.30   0.20  



310

36.18   19.10   59.85   39.94   61.58       8    4    6   -1   -1   -1   -1   -1   -1   -1
84.77   98.51   72.27   49.42   58.24       2    9    6   10    1    7    3    8   -1   -1
39.52   43.34   29.81   52.64   37.53       3    4   10    9    8    1    7    6    2    5
56.52   55.76   63.51   53.85   51.18       9    7    8    3    2    4    1   10    6   -1
20.22   34.62   63.35   55.71   53.68       2    1   10   -1   -1   -1   -1   -1   -1   -1
40.69   41.27   46.77   62.67   38.70       9   10    8    2    5    1    7    4   -1   -1
56.87   30.42   43.78   63.31   51.34       6    5   -1   -1   -1   -1   -1   -1   -1   -1
56.27   34.56   55.29   40.21   58.56       9    7    2    8    3   -1   -1   -1   -1   -1
47.99   41.53   69.65   63.38   68.87       6    4    7    9    1    8    3    5    2   10
 0.07   34.17   56.43   71.89   50.35      10    4   -1   -1   -1   -1   -1   -1   -1   -1
67.44   54.59   58.64   47.99   58.78       9    3   10    6   -1   -1   -1   -1   -1   -1
 5.34   53.92   43.09   55.99   53.94       3    8   -1   -1   -1   -1   -1   -1   -1   -1
33.08   27.40   84.74   49.57   47.29       2    7    5    3    1    9    8   -1   -1   -1
16.77   43.22   63.53   55.63   68.35       2   10    1    9    8    6    5    3    4    7
78.81   40.88   44.41   60.72   35.24       3    7    6   10    8    9    2    1   -1   -1
62.06   39.70   48.09   55.21   50.66       8    1    5    3    9    6    2   -1   -1   -1
95.33   70.14   59.01   50.95   54.38       8   10    7    5    4    1    9    6   -1   -1
41.71   60.99   68.54   60.46   58.47       8    5    4   -1   -1   -1   -1   -1   -1   -1
29.04   84.12   53.82   47.16   56.13       4    8    5    9    2    1    7    6    3   10
41.63   43.31   41.37   50.83   50.16       4    3    2    5   10    7    8    6   -1   -1
83.49    9.77   59.68   49.32   68.24       5    2    9    1    4    3    7    6   -1   -1
77.99   61.29   63.10   70.01   83.99       6    3    9   -1   -1   -1   -1   -1   -1   -1
 2.49   43.05   82.51   45.55   49.70       5    8    3    9   10    4    7    1    2    6
63.70   46.82   91.02   48.83   80.92       7    1    8    9    6    5   -1   -1   -1   -1
43.14   47.36   75.71   68.19   62.37       5   10    9    3    4    2    7    1    6    8
33.87   56.61   75.55   56.56   66.25       7    3   10    2    9    5    6   -1   -1   -1
54.42   16.52   34.05   70.16   49.40       9    7    1    2    4   10    5    8   -1   -1
11.77   63.77   49.58   59.08   73.19       9    1    4   -1   -1   -1   -1   -1   -1   -1
35.22   94.05   39.19   51.49   87.01       2    9    7    1    3    6    4   10   -1   -1
44.44   47.59   57.49   56.94   58.09      10    3    6    2    5    4    9   -1   -1   -1
65.10   64.17   47.56   54.78   42.54       3    2    8   -1   -1   -1   -1   -1   -1   -1
51.28   64.04   78.22   53.98   70.42       2    4   10   -1   -1   -1   -1   -1   -1   -1
53.01   69.65   30.72   47.12   48.04      10    3    4    8    1   -1   -1   -1   -1   -1
61.45   39.43   56.58   51.34   51.10       4    3    6   10    1    2    5   -1   -1   -1
75.81   74.70   62.68   67.67    6.72       8    4    2    7    1    6    5   10    9   -1
66.42   68.29   66.54   51.64   60.18       1    7   -1   -1   -1   -1   -1   -1   -1   -1
13.11   64.32   59.41   43.59   51.75       4    1    9    6   10    7    5    3   -1   -1
77.57   27.66   53.49   59.79   36.93       8    6    7    2    9   -1   -1   -1   -1   -1
54.76   53.60   66.41   65.66   57.35       3   10    1    7    8    9    2    6    5    4
21.17   24.74   40.77   52.72   59.94      10    6    3    7    4    2   -1   -1   -1   -1
81.74   54.37   61.85   71.19   35.12       1    8    2    4    3   10    7    9   -1   -1
76.74   71.97   60.47   42.36   71.31       8    5   -1   -1   -1   -1   -1   -1   -1   -1
50.63   82.20   67.97   57.48   78.49       5    1    8    7    9    2   -1   -1   -1   -1
63.36   57.37   50.46   64.96   44.82      10    9   -1   -1   -1   -1   -1   -1   -1   -1
10.02   29.13   68.51   44.84   51.95      10    2    9    4    5    8    3   -1   -1   -1
80.41   22.75   52.65   46.31   54.77       1    2    3   10    8   -1   -1   -1   -1   -1
32.34   38.44   63.72   53.16   52.92      10    9    2    5   -1   -1   -1   -1   -1   -1
 0.05   72.67   74.05   58.01   61.08       4    7    9    2    5    3    8    1    6   10
76.66   27.94   55.62   43.74   53.02       5    8    1    3    2    9    4   10   -1   -1
43.01   67.35   41.69   62.16   78.65       9    7    5    1    4    6    3   -1   -1   -1
70.77   63.25   93.99   61.11   64.85       9    2    6   10    8   -1   -1   -1   -1   -1
29.75    9.43   77.19   64.63   81.47       1    4    6    3    5    9    7   10    8   -1
47.12   51.50   70.61   45.21   82.79       9    4    1   -1   -1   -1   -1   -1   -1   -1
35.00   31.27   88.75   57.81   54.02       1    9    8    6    2   10    3    4   -1   -1
34.23   47.90   48.58   43.67   55.95       1    5    3    8    4   -1   -1   -1   -1   -1
49.78   40.48   37.36   46.59   47.09       5   10    7    3    1    6   -1   -1   -1   -1
59.24   48.43   51.34   55.04   64.64       4    7    9    3   -1   -1   -1   -1   -1   -1
33.65   12.04   43.21   55.76   43.57       6    9    8    3    1   10   -1   -1   -1   -1
79.66   52.36   29.34   54.38   59.39       4    6    8    3    9    7    1    5   10    2
49.95   66.28   70.89   52.49   58.34       8    4    2    7   10    3    9    6    5   -1
55.44   41.90   64.39   50.10   75.84       2    5   10   -1   -1   -1   -1   -1   -1   -1
67.75   41.91   61.91   75.73   63.22       6   10    2   -1   -1   -1   -1   -1   -1   -1
20.65   38.29   62.03   51.37   56.48       1    5    2   10    8    3    6    9    7   -1
48.64   22.32   44.13   51.56   56.46       8    1    3    2    5    4    7    9   -1   -1
46.41   38.80   54.76   52.46   66.11       9    2    3    6   10    1    7    5    8    4
67.67   56.22   59.50   42.55   56.87       3    7    6    2   10   -1   -1   -1   -1   -1
99.39   75.07   70.83   44.86   65.92       5    1   -1   -1   -1   -1   -1   -1   -1   -1
22.89   52.10   55.56   56.22   45.43      10    9    1    7    3    6    2    8    4    5
44.00   24.78   40.47   66.00   96.18       5    4    2    1    6   10    9    8    3    7
38.17   49.47   48.18   52.12   80.32       8    1    6    2   -1   -1   -1   -1   -1   -1
45.02   52.34   66.53   67.43   65.44      10    4    8    7   -1   -1   -1   -1   -1   -1
41.55   31.76   56.67   30.84   68.62      10    6    2   -1   -1   -1   -1   -1   -1   -1
83.88   56.30   59.75   48.30   80.83       4    7    2    9    8    6    3    1   10    5
57.75   57.28   94.19   63.33   35.11       2    1    3    5    7   -1   -1   -1   -1   -1
10.25   50.84   77.88   59.51   81.59       8   10    3   -1   -1   -1   -1   -1   -1   -1
 9.40   71.59   45.85   61.24   53.43       7    6    5    1    3   10    4    2    9   -1
34.87   32.14   44.17   41.38   66.74       8    2    7    6    1    9   10    5   -1   -1
 0.96   64.46   82.02   39.50   79.28       4   10    3    7    2   -1   -1   -1   -1   -1
 7.90   46.21   87.61   55.00   35.58       1    2    4   -1   -1   -1   -1   -1   -1   -1
59.95   49.99   83.15   53.21   71.73       9    8    6    1    3   10    5    7   -1   -1
31.08   63.19   51.52   57.14   58.65       3    6    5    7    2    9   10    8    4    1
47.92   26.70   53.13   56.69   62.16      10    8    4   -1   -1   -1   -1   -1   -1   -1
22.61   87.45   79.84   42.87   63.22       7    1    9    3    6   -1   -1   -1   -1   -1
57.22   70.96   59.54   48.79   48.37       6    4   10    3    7    9    5    8    1    2
87.69   51.23   21.38   39.83   69.61       4    6   -1   -1   -1   -1   -1   -1   -1   -1
 0.04   61.86   66.42   72.08   51.24       1    9    7    3   -1   -1   -1   -1   -1   -1
20.40   31.97   58.76   52.29   79.72       6    4   -1   -1   -1   -1   -1   -1   -1   -1
14.53   65.41   62.61   73.87   69.59       9    5    1    7    8   -1   -1   -1   -1   -1
 5.06   46.24   44.07   52.79   54.05       9    8    6   10    1    3    2    7    5    4
38.69   61.79   85.35   52.70   43.33       1    6    5    7    8   10    3    2    9    4
69.84    7.16   69.05   67.26   43.85       1    4    3    8    6    9    7    5   10    2
56.93   99.09   73.77   36.07   70.92       5    7    3   -1   -1   -1   -1   -1   -1   -1
28.60   62.62   55.68   51.41   73.86       6    4    8    1   10    3    7   -1   -1   -1
30.32   84.36   48.45   62.22   69.09       7    4    1    6    5   -1   -1   -1   -1   -1
70.35   81.07   73.58   64.47   34.29       4    5    1    3    6   -1   -1   -1   -1   -1
13.35   17.80   66.06   61.67   49.00       2    9   -1   -1   -1   -1   -1   -1   -1   -1
96.21   69.22   69.39   54.30   15.27       9   10    6    5    4    8   -1   -1   -1   -1
56.43   63.53   65.16   54.65   56.47       8   10   -1   -1   -1   -1   -1   -1   -1   -1
75.10    5.62   15.18   72.45   69.62       1    3    9    7   10    5    4   -1   -1   -1
64.45   52.14   68.31   52.18   40.68       1    3    6    2    5   10    4    7    8    9
58.62   35.57   57.67   67.39   53.49       5    4    2   -1   -1   -1   -1   -1   -1   -1
35.87   63.43   33.35   58.19   54.26       2   10    5    4    1    9   -1   -1   -1   -1
24.30   57.93   76.09   53.76   46.74       2    4    1   10    6    5    7    8    3   -1
40.28   49.12   36.01   42.46   44.12       4    6    1    5   -1   -1   -1   -1   -1   -1
29.95   70.12   67.76   39.99   47.96       2    8    1    7    6    4    3   -1   -1   -1
44.56   51.49   27.86   57.20   69.16       8    5    3    6    7   10    2   -1   -1   -1
43.62   46.96   78.01   66.26   44.55       7    6    9    8    3    1   10    2    4    5
59.67   46.96   65.39   59.83   51.47       8   10    1    2    3    6    4    9    7    5
55.19   61.04   84.09   51.70   56.33       9    1    2    6   -1   -1   -1   -1   -1   -1
34.94   85.38   59.41   48.26   69.50       3    7    8    4   10    1   -1   -1   -1   -1
71.38   46.90   69.49   64.78   64.77       7   10    5    9    8    1    3    4   -1   -1
22.99   16.05   65.41   61.83   63.53       3    6    8    2    7   10    1   -1   -1   -1
69.36   39.41   49.08   53.63   55.99       8    4    7    1   10    3    5    2    6   -1
24.45   50.53   33.05   41.68   80.44       4    9    7    2    8    6   10    1    5    3
23.42   36.39   62.32   60.87   46.21       2    1    6    5    9    4    8    3   -1   -1
45.96   58.27   44.74   46.87   63.13       6    9    7    5    4    3    2   -1   -1   -1
 8.38   70.07   56.40   47.37   61.94       6    9    1    2    8   -1   -1   -1   -1   -1
47.55   35.19   61.02   60.32   58.87       3    1    4    5    8    2    9   10   -1   -1
44.21   18.22   76.40   50.46   71.66       8    6    5    9   -1   -1   -1   -1   -1   -1
42.30   51.19   44.25   56.15   60.42       4    9    3    1    5    7   10    8    2   -1
52.33   78.08   39.75   56.35   41.66       4    7    6    8    9    2    3   10    5    1
46.23   32.67   84.00   61.63   77.62       7    4    1   10    3    5    2    9   -1   -1
17.11   45.36   64.33   52.11   15.88       5    9   10    8    2    6    4    3    1    7
22.57   57.60   90.82   83.94   60.81       5    3    7    6    4   10    8    2   -1   -1
 6.06   65.11   23.18   42.88   65.27       7    3    2    9   -1   -1   -1   -1   -1   -1
42.85   52.31   82.55   42.28   56.07       6    5    7   10    8    4    2    1    3   -1
46.60   48.25   44.13   66.56   44.44       1   10    9    3    7    4    5    2    8   -1
30.99   49.16   37.47   56.03   62.56      10    8    9    2    4   -1   -1   -1   -1   -1
45.61   40.87   62.99   46.33   61.07       5    7    9   -1   -1   -1   -1   -1   -1   -1
67.02   52.37   54.14   57.10   51.25       6    5    1   -1   -1   -1   -1   -1   -1   -1
47.14   33.08   52.91   58.02   76.14       6    8    1    5   10    7    2    9   -1   -1
32.97   52.94   73.76   53.98   79.94       4    2    3    1   10    5    8    6   -1   -1
 5.74   35.45   55.80   69.80   61.69       8    9    5   10    6    7   -1   -1   -1   -1
61.71   48.80   33.50   35.47   85.73       2    5    7    1    8   10    3    6   -1   -1
16.48   35.85   49.92   46.18   64.60       6    8    2    1    4    3    9    5    7   -1
47.29   20.08   76.42   57.03   61.56       7   10    9    5    2    6    1    4    8    3
63.99   13.94   52.63   55.78   64.37       5    7    4    9   10    6    2    1    3    8
42.85   41.30   42.15   42.71   53.73       9    6    2    5    4   10    8   -1   -1   -1
72.37   43.43   60.37   67.39   96.17       4    8    7    3    5   -1   -1   -1   -1   -1
24.01   19.77   60.33   51.15   66.13       8    9    6    7    2   -1   -1   -1   -1   -1
83.83   36.93   31.73   65.62   54.88      10    8   -1   -1   -1   -1   -1   -1   -1   -1
32.00   48.72   73.15   50.74   43.94       1    5    9    7    4    8    3    6   10    2
38.33    9.44   78.08   51.10   39.62       7    3   -1   -1   -1   -1   -1   -1   -1   -1
36.79   57.62   77.35   56.34   75.84       9    1    5    3    4    6    7    2   10   -1
42.24   45.79   74.18   66.74   69.75       7    5    2    1   -1   -1   -1   -1   -1   -1
33.94   63.28   64.23   69.94   58.75      10    8    2    4    3    6   -1   -1   -1   -1
33.52   63.95   60.47   51.78   83.67       5    9    1    6    7    2    3   10   -1   -1
40.64   70.92   65.90   51.25   41.30       2    6   10    3    7    1   -1   -1   -1   -1
39.11   65.51   81.62   38.42   42.20       3    8    9    5    1   10    4    7    6   -1
 8.99   61.39   71.80   51.01   36.27       8    3    6    7    5   10    4    1    2    9
38.95   26.33   53.72   48.14   59.02       7    3    9    2   -1   -1   -1   -1   -1   -1
84.27   20.61   64.17   76.98   61.99       7    4   10    2   -1   -1   -1   -1   -1   -1
51.91   29.22   52.01   57.86   79.48       9    2   10   -1   -1   -1   -1   -1   -1   -1
61.57   70.05   40.82   54.64   42.28       5    4   -1   -1   -1   -1   -1   -1   -1   -1
37.85   53.35   43.27   40.56   54.00       5    9    1    3    4    7    2   -1   -1   -1
48.56   69.11   51.08   34.76   81.25      10    4    2    7    8    5    6    9    1   -1
31.42   65.92   52.60   48.21   70.95       5   10    9    4    6    7    8   -1   -1   -1
 7.98   77.59   65.56   58.80   68.91      10    3    1    6   -1   -1   -1   -1   -1   -1
53.71   62.91   58.45   68.43   81.16       3    4    2    6    1    9    5   -1   -1   -1
19.75   46.60   55.38   38.85   86.28       9    4    5    8    6    3    7   10    1   -1
42.37   29.45   90.56   50.13   67.09       2    4    3    6    5    8    1   10    9    7
76.65   64.84   45.29   39.57   68.86       1    9    7    8    5    3    2    6    4   10
56.99   24.55   53.40   56.12   63.75      10    2    3    1    6    4    5   -1   -1   -1
49.01   25.20   84.45   53.99   71.83       5   10    4   -1   -1   -1   -1   -1   -1   -1
70.37   58.63   43.29   54.57   70.50       3    2   -1   -1   -1   -1   -1   -1   -1   -1
67.34   63.61   45.03   59.37   52.83       4    2    8    1    9   -1   -1   -1   -1   -1
27.02   44.30   55.96   65.12   62.64       2    5    8    6    3    9   -1   -1   -1   -1
61.95   44.86   51.72   59.80   50.78       6    3    5   10    2    9    4    7    1   -1
13.20   66.39   56.41   57.82   79.07       9    5    4    2    1   10    6    7    8    3
54.36   70.09   80.29   53.26   76.10       2    4    5    1    7    3    6   10    9    8
78.94   56.21   60.86   51.85   56.60       3    6    9    5    4   10    2    1    8    7
34.82   39.84   39.31   51.38   57.25       6    5   -1   -1   -1   -1   -1   -1   -1   -1
26.98   69.81   67.13   46.26   52.16       4    7    6    3    2    9   -1   -1   -1   -1
51.83   62.73   53.51   50.70   73.74       7    4    2    1    8    9    5    6    3   10
 6.93   26.57   62.69   60.32   57.98       8    4    5    1    3    6    9    7   10    2
13.73   69.90   53.72   37.30   70.42       2    7    3    6   10    5    8    1    4   -1
38.05   60.37   68.60   61.39   38.46       6    1    5    8   10    7    4    9    3    2
54.94   68.81   54.37   66.59   58.78       4    9    8    1    3    6    5    2    7   -1
46.41   75.79   63.10   59.13   63.57       5    3   10    7   -1   -1   -1   -1   -1   -1
48.27   72.93   68.82   61.03   60.11       2    3    1    7    4   10    6   -1   -1   -1
27.30   58.85   51.15   79.59   66.53       1    9    3    5   10   -1   -1   -1   -1   -1
57.74   19.39   59.40   55.20   55.05       5    2    3    9    4    1    8   -1   -1   -1
28.99   34.19   72.05   82.86   47.28       7    3    4    1   10    2    9    6    8   -1
 5.15   50.14   58.61   58.66   40.84      10    4    8    5    2    9    3    6   -1   -1
63.19   89.77   79.10   55.25   81.18       4    8    9    6    7    3   10    1    2   -1
48.17   66.07   58.63   58.15   56.42       1    5    2    7    4    6    3    9    8   10
54.27   42.25   55.27   54.69   33.01       5    8    6    3    7    4   10    2    9   -1
21.97   81.66   59.85   68.64   68.76       2    4    3    7   -1   -1   -1   -1   -1   -1
45.40   41.61   54.94   60.09   41.27       4    9    8    6   10    1    2   -1   -1   -1
40.57   65.76   88.50   66.99   40.66       9    3    5    8   10    7    2    4    1   -1
12.90   73.41   60.60   65.17   62.61       6    4    2    8   10    1    9    7    3    5
36.25   74.21   39.49   49.82   58.44       8    4    5    2   10    3    6    7    9    1
35.08   40.30   49.47   52.36   76.81      10    9    2    6    7    3   -1   -1   -1   -1
14.46   72.41   34.55   48.52   64.12      10    4    9    2    5    1    3    7    6    8
59.32   63.29   80.72   40.99   72.72       4    5    6    1   10    3    2    8    7    9
16.56   38.76   53.87   56.56   54.55       8    3    5   10   -1   -1   -1   -1   -1   -1
 3.97   43.23   59.49   59.12   56.58       4    1   10    9    8    2   -1   -1   -1   -1
52.43    7.86   75.72   76.66   57.00      10    1    6    8    2    9    3    5    4    7
29.24   78.05   82.42   51.06   43.70       3   10    9    7    2    1    6    8    5   -1
96.76   48.96   66.24   60.26   71.64       4    1   -1   -1   -1   -1   -1   -1   -1   -1
 5.85   53.65   53.29   58.08   79.61       6   10    2    9    7    8    3    4    5   -1
16.99   49.69   38.84   73.54   58.70       3    5   -1   -1   -1   -1   -1   -1   -1   -1
40.88   37.46   39.06   62.54   52.16       9    5    3    6    4    1    7   -1   -1   -1
47.69   77.54   54.90   43.10   80.53       4    9   10    6    2    7   -1   -1   -1   -1
21.84   37.99   73.59   40.55   60.70       1    3    5    6    8    7    9    4    2   -1
25.38   37.64   68.26   38.78   77.82       7    8   10    6    4    5    3    2    1    9
20.20   85.35   48.22   62.87   66.18       2    9   10    6    1    7    8    3    4   -1
42.27    1.30   69.25   58.65   84.19       8    1   -1   -1   -1   -1   -1   -1   -1   -1
54.66   41.50   70.37   57.75   60.73       6    8    5   -1   -1   -1   -1   -1   -1   -1
44.27   22.85   60.87   41.45   56.78      10    3    7    6   -1   -1   -1   -1   -1   -1
38.88   46.19   69.04   53.37   53.81       4    1    3   10    8    2    9    6   -1   -1
14.13   66.71   53.45   52.60   50.26       7    4    9   10    2    5    3   -1   -1   -1
34.01   74.22   70.54   57.85   40.86       9    7    4   10    1   -1   -1   -1   -1   -1
49.36   57.55   57.16   64.38   59.88       1    5   -1   -1   -1   -1   -1   -1   -1   -1
 5.53   94.16   27.13   63.31   78.80       4    5   10    9   -1   -1   -1   -1   -1   -1
27.48   48.18   50.25   62.02   51.14       9    4    5   -1   -1   -1   -1   -1   -1   -1
19.90   47.81   76.35   64.59   32.76       9    7   -1   -1   -1   -1   -1   -1   -1   -1
40.82   17.47   39.55   36.31   96.57       5    8    2    6    7   -1   -1   -1   -1   -1
17.14   58.29   62.99   55.00   52.00      10    7    6   -1   -1   -1   -1   -1   -1   -1
 2.39   53.13   71.32   54.72   45.90       2    1    4    8    9    6   10    3    5   -1
82.79   34.10   65.67   57.42   40.19       8    4   10    7   -1   -1   -1   -1   -1   -1
60.21   31.63   63.45   77.66   76.13       7   10   -1   -1   -1   -1   -1   -1   -1   -1
70.63   51.65   56.24   46.19   65.05       6    8    9   10    4    1    2    5   -1   -1
16.82   45.88   68.60   51.72   73.59      10    1    4    5    8   -1   -1   -1   -1   -1
34.70   56.25   34.43   57.27   38.07       2   10    4    3    8    6    5    9    1    7
 1.88   98.75   42.34   44.92   54.54       2    7    6    8    5    1    9   10   -1   -1
31.46   91.27   44.14   35.32   53.68       1    2    6    4   10    5    8    7   -1   -1
33.00   75.33   77.64   41.68   68.23       6   10    3    2    1    5    9    7   -1   -1
33.16   36.46   68.25   65.53   50.09       2    9    7    3    5    1    4   10    6    8
76.32   42.12   63.86   33.03   37.40       6    1    7    3    8    9   10    4    5    2
54.10   48.87   48.20   51.84   51.08       9    2    8    7   10    6    5   -1   -1   -1
 4.21   72.32   60.88   55.64   54.23       7    9    1   -1   -1   -1   -1   -1   -1   -1
50.18   69.95   57.58   60.86   71.79       6    8    7    5    2    3   -1   -1   -1   -1
 5.08   29.33   88.01   43.65   63.23       7    4    3    1   10    8   -1   -1   -1   -1
80.49   21.28   70.94   48.03   89.07       5    1   10    8    7    6    2    4    3    9
20.56   89.51   73.55   29.74   50.42       3    9    4    2   -1   -1   -1   -1   -1   -1
44.75   44.36   38.85   54.05   45.48       2    7    6    4    3   -1   -1   -1   -1   -1
24.03   37.56   64.90   67.39   43.29       8    7    5    9   10    2    6    4   -1   -1
82.67   50.35   51.43   74.31   63.92       7    6    3    8    9   10    1    2   -1   -1
71.67   69.99   62.34   55.39   46.37       1    7    5    9    3   10    2    4   -1   -1
64.71   63.13   51.00   50.58   49.80       9   10    1    6    3   -1   -1   -1   -1   -1
13.07   75.99   63.81   46.63   78.24       2    1    7    9    8   10    3   -1   -1   -1
65.66   58.46   81.06   46.52   63.10       4   10    9    3    7    8    1   -1   -1   -1
27.45   38.04   74.87   49.71   58.71       8    7    9    3    6   10    5   -1   -1   -1
30.42   22.49   60.47   60.78   50.13       4    1    2   10    6    3    7    8    9   -1
31.19   42.47   45.12   43.82   63.82       9    7    1    3   10    6    5    4    8    2
72.89   90.01   61.51   57.93   40.15       6   10    3    7   -1   -1   -1   -1   -1   -1
18.11   54.02   63.10   50.87   59.75       6    5    8    9    1    7   -1   -1   -1   -1
49.21   67.01   54.22   51.98   58.93       5   10    2    4   -1   -1   -1   -1   -1   -1
76.05   94.40   55.57   41.62   64.21       8    9    1    2    3    6    5    7    4   10
32.46   34.18   37.80   63.28   48.71       9    5    7   10   -1   -1   -1   -1   -1   -1
42.58   51.01   63.32   58.91   55.37       9    6    3    1    5   -1   -1   -1   -1   -1
51.45   13.72   50.97   42.95   47.49       5    1   -1   -1   -1   -1   -1   -1   -1   -1
28.79   78.17   66.91   59.26   54.87       6    7    9    4    8    1    2    5   -1   -1
12.10   26.98   79.18   51.09   70.41       9   10    1    6    4    2   -1   -1   -1   -1
38.91   42.29   73.54   58.19   32.70       1    3   10    6    2    5    4    9    7    8
77.92   46.56   75.28   51.32   66.42       4    5    7   -1   -1   -1   -1   -1   -1   -1
28.86   43.70   74.70   64.14   64.24       4    3    6    8    7   10    1    5    9    2
41.92   45.05   43.50   56.05   58.42       1    5    9    7    6    2   -1   -1   -1   -1
15.16   37.20   64.87   56.65   60.42       4    7   -1   -1   -1   -1   -1   -1   -1   -1
50.48   56.25   39.48   42.60   50.79       2    4   10    3    1    7    8   -1   -1   -1
24.72   15.68   33.85   64.64   70.66       3    6   10   -1   -1   -1   -1   -1   -1   -1
69.93   60.03   48.01   59.60   58.04       8   10    7    4    3    9    1   -1   -1   -1
72.90   51.83   89.37   41.43   80.42       7    1   10    3    8    2   -1   -1   -1   -1
38.80   59.03   52.74   50.60   78.26       4    5    1   10    2    9    8    7    3    6
41.11   42.30   43.38   65.72   73.01       5    8    6    2   -1   -1   -1   -1   -1   -1
80.00   56.17   63.61   55.61   30.92       9    6    7    5    4    3    1    2   10   -1
37.35   72.00   67.29   57.70   53.15       3    2    6    7   -1   -1   -1   -1   -1   -1
 5.69   64.07   93.75   57.40   61.73       3    4    1    9    2   -1   -1   -1   -1   -1
17.88   58.98   63.92   58.11   58.35       6   10    3   -1   -1   -1   -1   -1   -1   -1
53.58   33.47   65.73   55.82   69.83       9    1   -1   -1   -1   -1   -1   -1   -1   -1
28.30   64.00   57.85   66.48   99.26       9    8    7    3    6    4    1    5    2   10
37.03   83.89   57.61   56.84   71.63       3    2    5    4    9    6    1    8   -1   -1
63.70   64.90   78.69   60.91   44.46       7    4    1    2    3    6   10    5   -1   -1
24.02   32.48   44.65   45.63   59.11       6    7    4    1    2    3    5   10    9    8
15.71   81.97   66.42   49.06   72.67       5   10    1   -1   -1   -1   -1   -1   -1   -1
18.74   36.43   66.84   32.60   48.56       9    1   -1   -1   -1   -1   -1   -1   -1   -1
28.87   61.42   56.65   53.00   58.96       7    3   10    1   -1   -1   -1   -1   -1   -1
47.85   77.14   86.90   54.39   49.48       9   10    8    1    6    7    4    5    3    2
33.10   32.94   86.18   49.29   49.77       3    2   10    6   -1   -1   -1   -1   -1   -1
24.88   49.90   78.87   51.53   73.60       5    1    3    6    8   10    4    2    9    7
79.00   39.27   82.97   57.64   62.29       2    5   -1   -1   -1   -1   -1   -1   -1   -1
46.23   36.01   72.79   53.74   71.58       6    4    3   -1   -1   -1   -1   -1   -1   -1
30.63   54.46   62.71   58.79   41.54       1    4   -1   -1   -1   -1   -1   -1   -1   -1
48.84   57.45   61.16   52.93   58.31       2    5   -1   -1   -1   -1   -1   -1   -1   -1
74.18   84.29   69.77   67.25   72.49       4    2    5   -1   -1   -1   -1   -1   -1   -1
10.42   25.88   55.70   43.57   41.05       6   10    2    5    9    3   -1   -1   -1   -1
45.80   52.98   41.62   49.93   53.43       8    2    1   -1   -1   -1   -1   -1   -1   -1
15.47   34.74   72.06   52.60   51.72       2    8    6    9    5    7    1    4    3   -1
71.91   50.81   46.47   66.72   44.53      10    6    5    9   -1   -1   -1   -1   -1   -1
10.04   23.12   51.63   54.94   35.12       5    7    1    2    8    9    3    4   -1   -1
15.25   50.54   23.64   40.27   67.85       4    8    5    3    9   10    1    6   -1   -1
84.46   59.30   49.60   48.42   63.55       3    2    1    7    8    6    4   -1   -1   -1
45.04   17.57   60.92   56.80   69.67       2   10    6    4    7    5    8   -1   -1   -1
67.29   78.44   57.54   51.24   49.08       5    1    2    3   -1   -1   -1   -1   -1   -1
11.83   48.42   70.04   52.62   52.61       3   10    5    6    1    4    9    8    7   -1
21.01   45.47   69.31   62.44   91.83      10    8    1    2   -1   -1   -1   -1   -1   -1
43.96   37.33   64.79   60.86   43.04       2   10    8    6    9    7    5    1   -1   -1
 0.92   58.55   66.64   47.43   70.04       4    2    9   10    3    5    6    8    7   -1
68.87   64.61   48.65   57.02   56.88       4    3    8   10    9    7    2    6    1    5
35.45   43.12   68.07   55.90   77.62       5    9    4    7    2    3    1   10   -1   -1
10.22   80.87   53.71   51.32   57.79      10    3    7    4    9   -1   -1   -1   -1   -1
25.98   56.91   75.44   47.89   53.78       2    4   -1   -1   -1   -1   -1   -1   -1   -1
 7.33   70.27   71.62   49.31   68.57       1    3    7    8    4   10    5    6    9    2
11.16   81.22   63.90   53.27   60.38       8    7    5    1   10    6    4    9    2    3
20.34   45.61   51.06   44.13   55.21       6    5    8    1    2   10    9    3   -1   -1
32.49   98.30   62.68   46.11   44.86      10    9    2    6    1    3    7    4    5   -1
35.03   60.11   43.89   58.41   43.81       6    7    3   -1   -1   -1   -1   -1   -1   -1
66.82   41.35   61.16   55.41   50.29       9    2    1   -1   -1   -1   -1   -1   -1   -1
45.95   56.11   66.00   57.28   24.42       6    8    4    7   10    5    1   -1   -1   -1
