 10  3

  4   0.25   0.25   0.50  
  2   0.50   0.25   0.25  
  7   0.50   0.40   0.10  
  1   0.33   0.33   0.34  
  3   0.50   0.20   0.30  
  2   0.50   0.30   0.20  
  4   0.40   0.30   0.40  
  2   0.33   0.33   0.34  
  1   0.40   0.40   0.20  
  2   0.33   0.33   0.34  



40

29.84   21.20   42.98       3    9    1    6   -1   -1   -1   -1   -1   -1
59.65   40.78   67.79       8    7    6    3    9    1    5   -1   -1   -1
54.93   49.59   71.06       7   10    8   -1   -1   -1   -1   -1   -1   -1
48.48   39.46   58.09       8    2   -1   -1   -1   -1   -1   -1   -1   -1
27.26   42.20   70.93       9    6    3    4    1   -1   -1   -1   -1   -1
44.46   22.60   64.61       7    8    4    9   -1   -1   -1   -1   -1   -1
63.17   64.91   59.11       7    3    6    9    8    1    4   -1   -1   -1
78.75   46.60   69.01       5    2    3   10    1   -1   -1   -1   -1   -1
 0.42   29.37   60.01       8    6   10    2   -1   -1   -1   -1   -1   -1
63.86   77.19   57.52      10    1   -1   -1   -1   -1   -1   -1   -1   -1
64.59   31.13   57.62       9    1    7   -1   -1   -1   -1   -1   -1   -1
42.01   40.09   63.27       8    5   -1   -1   -1   -1   -1   -1   -1   -1
35.01   55.13   59.86       3    7    4    9    2   10    6    1   -1   -1
67.28   64.07   76.92       1   10    7    6    9    8    3    4    5    2
25.31   84.14   54.83       3    9    1    2    5   10   -1   -1   -1   -1
30.64   56.44   65.65       1    3    6   -1   -1   -1   -1   -1   -1   -1
80.75   38.33   67.09       3    2    4    5    9    7   10   -1   -1   -1
58.50    7.02   65.96       8    5   10    7    3    4   -1   -1   -1   -1
17.25   59.96   71.36       1    6   10    7   -1   -1   -1   -1   -1   -1
37.72   97.39   65.57       9    1    4    8    5   10    2    3    6   -1
47.91   44.22   71.21       8    1    3    4   10    7    6    2    9    5
44.46   31.95   66.06       6    9    8    4    2    1   10    5    3    7
25.77   54.65   48.95       9    8    7    6    3    5    2    1   -1   -1
83.34   28.71   44.02       1    9    5    4   10    2   -1   -1   -1   -1
76.41   11.71   68.22       5    2    9    6    1    8   -1   -1   -1   -1
17.36   38.73   59.27      10    1    2    7   -1   -1   -1   -1   -1   -1
73.27   53.47   70.45       8    6    2   10    4   -1   -1   -1   -1   -1
58.56   20.94   55.32       3    1    8    7   -1   -1   -1   -1   -1   -1
45.66   38.57   64.16       5    9    7   -1   -1   -1   -1   -1   -1   -1
56.49   43.36   71.47       9    4    8    5    2    7   10   -1   -1   -1
31.57   11.42   68.19       4    8    7    3    6   10    2   -1   -1   -1
53.86   44.99   50.31       2    8    1   10    6    7    4    9    3    5
75.26   30.93   61.53       5    9    4   -1   -1   -1   -1   -1   -1   -1
58.03   21.30   53.57       3    7    2    1    6    8   -1   -1   -1   -1
38.73   26.17   67.94       5   10    1    6    8    3    2   -1   -1   -1
64.75   32.62   61.11       6    3    4    5    1    7    9    8   10    2
49.30   41.38   48.45       1    7    3   10    5    9    8    6    4   -1
54.77   38.46   51.10      10    7    4    8   -1   -1   -1   -1   -1   -1
40.74   53.27   82.22       4    6    5   10   -1   -1   -1   -1   -1   -1
59.50   77.73   68.17       4    8    6    7    1   -1   -1   -1   -1   -1
