10 1

4  1.0
2  1.0
7  1.0
1  1.0
3  1.0
2  1.0
4  1.0
2  1.0
1  1.0
2  1.0


40

33.92   10    4    1   -1   -1   -1   -1   -1   -1   -1
65.34    9   10    1    6    8    7    4    2    5    3
57.05    1   10    8    2    4    7    3    5    9    6
53.53    5   10    1    7    8    4   -1   -1   -1   -1
77.74    6    9    1    5    7   -1   -1   -1   -1   -1
76.92    4    2    3   -1   -1   -1   -1   -1   -1   -1
74.64    9    5   10    2    6    7    3    4   -1   -1
49.83    1    4    6    9    5    8    2   -1   -1   -1
61.57    7    6    8    4   10    5    3   -1   -1   -1
61.92    4   10    9    7    5   -1   -1   -1   -1   -1
48.42   10    2    3    4    8   -1   -1   -1   -1   -1
26.30   10    8    7    9    5    6    4    1    3    2
76.89    9   10    2    7    1    6    4   -1   -1   -1
38.83    8    9    3   10   -1   -1   -1   -1   -1   -1
56.15    4    3    6    1   -1   -1   -1   -1   -1   -1
57.93    6    3    7    1    8    2   10    5    9   -1
63.28    8   10    7    6    3    9    1    4   -1   -1
25.34    5    4   -1   -1   -1   -1   -1   -1   -1   -1
74.80    9    4    7    8   10    6   -1   -1   -1   -1
66.80    9   10    7    2    8    6    5    3    1    4
76.68    9    3    4    2   -1   -1   -1   -1   -1   -1
65.58    4    1    6   -1   -1   -1   -1   -1   -1   -1
42.33    4    2    5    8   10   -1   -1   -1   -1   -1
59.87    4    9    1    2    6   10   -1   -1   -1   -1
33.90    9    3    6    1    5    2   -1   -1   -1   -1
17.98   10    3    8    7    5    4    2   -1   -1   -1
65.16    5    3    6    2   10    7   -1   -1   -1   -1
48.67    1    6    2   10    3    9    7    8    5    4
37.92   10    6   -1   -1   -1   -1   -1   -1   -1   -1
48.49    6    5   10    4    8    9   -1   -1   -1   -1
59.45    3    5    1    8   10    7    2    9   -1   -1
44.10    1    8    5    3    2   10    7    6    9    4
54.45    7    2    1    9    4    5    6    8   10   -1
56.01    4    9    6   10    1   -1   -1   -1   -1   -1
49.70    6    4    5   -1   -1   -1   -1   -1   -1   -1
42.46    2    5    4   -1   -1   -1   -1   -1   -1   -1
40.84    8    5    1    7    4    3   10    2   -1   -1
56.26    7    4    6    1    9    5   -1   -1   -1   -1
77.48    7    3    1    5    6    8    4   10   -1   -1
44.16    3    8   10    2   -1   -1   -1   -1   -1   -1
